{
 "cells": [
  {
   "cell_type": "code",
   "execution_count": 1,
   "id": "6bd1ff1e-2a28-4599-bdd2-637a0cdd0dce",
   "metadata": {},
   "outputs": [],
   "source": [
    "import pandas as pd\n",
    "\n",
    "df_import = pd.read_csv(r\"C:\\Users\\user\\Downloads\\import_code\\country_haveweapon.csv\")"
   ]
  },
  {
   "cell_type": "code",
   "execution_count": 4,
   "id": "f691e3b4-8341-4d16-885c-4cf10ba7c860",
   "metadata": {},
   "outputs": [
    {
     "data": {
      "text/plain": [
       "Index(['Country', 'Value', 'Category'], dtype='object')"
      ]
     },
     "execution_count": 4,
     "metadata": {},
     "output_type": "execute_result"
    }
   ],
   "source": [
    "df_import.columns"
   ]
  },
  {
   "cell_type": "code",
   "execution_count": 5,
   "id": "acf02097-8464-45fa-abf5-7fb1041f6a84",
   "metadata": {},
   "outputs": [
    {
     "name": "stdout",
     "output_type": "stream",
     "text": [
      "     Country  Category  Value\n",
      "0    Albania         6     65\n",
      "1    Albania         7    933\n",
      "2    Albania         8     69\n",
      "3    Albania        20      3\n",
      "4    Algeria         2    490\n",
      "..       ...       ...    ...\n",
      "722   Zambia         2     42\n",
      "723   Zambia         4     50\n",
      "724   Zambia         7    259\n",
      "725   Zambia         8    167\n",
      "726   Zambia         9     29\n",
      "\n",
      "[727 rows x 3 columns]\n"
     ]
    }
   ],
   "source": [
    "\n",
    "# Country와 Category별 Value 합계 계산\n",
    "df_grouped = df_import.groupby(['Country', 'Category'], as_index=False)['Value'].sum()\n",
    "\n",
    "# 결과 저장\n",
    "df_grouped.to_csv(r\"C:\\Users\\user\\Downloads\\import_code\\grouped_import_data.csv\", index=False)\n",
    "\n",
    "# 출력 확인\n",
    "print(df_grouped)"
   ]
  },
  {
   "cell_type": "code",
   "execution_count": 6,
   "id": "8ccac8ce-36b6-47b8-8d0f-d519f1b5a30f",
   "metadata": {},
   "outputs": [],
   "source": [
    "# Country와 Category별 Value 합계 계산\n",
    "df_grouped = df_import.groupby(['Country', 'Category'], as_index=False)['Value'].sum()\n",
    "\n",
    "# 데이터를 Country를 기준으로, Category를 열로 변환\n",
    "df_pivot = df_grouped.pivot(index='Country', columns='Category', values='Value')\n",
    "\n",
    "# 열 이름 변경 (Category별 Value를 명확히 구분하기 위해)\n",
    "df_pivot.columns = [f\"Value_{col}\" for col in df_pivot.columns]\n",
    "df_pivot = df_pivot.fillna(0)\n",
    "# 인덱스 리셋\n",
    "df_pivot = df_pivot.reset_index()"
   ]
  },
  {
   "cell_type": "code",
   "execution_count": 7,
   "id": "0cee7408-7dd7-4e9c-8842-6f6f6c59b43e",
   "metadata": {},
   "outputs": [
    {
     "data": {
      "text/html": [
       "<div>\n",
       "<style scoped>\n",
       "    .dataframe tbody tr th:only-of-type {\n",
       "        vertical-align: middle;\n",
       "    }\n",
       "\n",
       "    .dataframe tbody tr th {\n",
       "        vertical-align: top;\n",
       "    }\n",
       "\n",
       "    .dataframe thead th {\n",
       "        text-align: right;\n",
       "    }\n",
       "</style>\n",
       "<table border=\"1\" class=\"dataframe\">\n",
       "  <thead>\n",
       "    <tr style=\"text-align: right;\">\n",
       "      <th></th>\n",
       "      <th>Country</th>\n",
       "      <th>Value_2</th>\n",
       "      <th>Value_4</th>\n",
       "      <th>Value_6</th>\n",
       "      <th>Value_7</th>\n",
       "      <th>Value_8</th>\n",
       "      <th>Value_9</th>\n",
       "      <th>Value_20</th>\n",
       "    </tr>\n",
       "  </thead>\n",
       "  <tbody>\n",
       "    <tr>\n",
       "      <th>0</th>\n",
       "      <td>Albania</td>\n",
       "      <td>0.0</td>\n",
       "      <td>0.0</td>\n",
       "      <td>65.0</td>\n",
       "      <td>933.0</td>\n",
       "      <td>69.0</td>\n",
       "      <td>0.0</td>\n",
       "      <td>3.0</td>\n",
       "    </tr>\n",
       "    <tr>\n",
       "      <th>1</th>\n",
       "      <td>Algeria</td>\n",
       "      <td>490.0</td>\n",
       "      <td>176.0</td>\n",
       "      <td>143.0</td>\n",
       "      <td>9159.0</td>\n",
       "      <td>1251.0</td>\n",
       "      <td>68.0</td>\n",
       "      <td>7.0</td>\n",
       "    </tr>\n",
       "    <tr>\n",
       "      <th>2</th>\n",
       "      <td>Angola</td>\n",
       "      <td>360.0</td>\n",
       "      <td>115.0</td>\n",
       "      <td>92.0</td>\n",
       "      <td>782.0</td>\n",
       "      <td>684.0</td>\n",
       "      <td>48.0</td>\n",
       "      <td>5.0</td>\n",
       "    </tr>\n",
       "    <tr>\n",
       "      <th>3</th>\n",
       "      <td>Argentina</td>\n",
       "      <td>332.0</td>\n",
       "      <td>32.0</td>\n",
       "      <td>57.0</td>\n",
       "      <td>1218.0</td>\n",
       "      <td>532.0</td>\n",
       "      <td>59.0</td>\n",
       "      <td>4.0</td>\n",
       "    </tr>\n",
       "    <tr>\n",
       "      <th>4</th>\n",
       "      <td>Armenia</td>\n",
       "      <td>188.0</td>\n",
       "      <td>150.0</td>\n",
       "      <td>0.0</td>\n",
       "      <td>865.0</td>\n",
       "      <td>150.0</td>\n",
       "      <td>12.0</td>\n",
       "      <td>0.0</td>\n",
       "    </tr>\n",
       "    <tr>\n",
       "      <th>...</th>\n",
       "      <td>...</td>\n",
       "      <td>...</td>\n",
       "      <td>...</td>\n",
       "      <td>...</td>\n",
       "      <td>...</td>\n",
       "      <td>...</td>\n",
       "      <td>...</td>\n",
       "      <td>...</td>\n",
       "    </tr>\n",
       "    <tr>\n",
       "      <th>143</th>\n",
       "      <td>Uruguay</td>\n",
       "      <td>70.0</td>\n",
       "      <td>0.0</td>\n",
       "      <td>26.0</td>\n",
       "      <td>513.0</td>\n",
       "      <td>90.0</td>\n",
       "      <td>11.0</td>\n",
       "      <td>2.0</td>\n",
       "    </tr>\n",
       "    <tr>\n",
       "      <th>144</th>\n",
       "      <td>Uzbekistan</td>\n",
       "      <td>1023.0</td>\n",
       "      <td>109.0</td>\n",
       "      <td>0.0</td>\n",
       "      <td>1135.0</td>\n",
       "      <td>478.0</td>\n",
       "      <td>2.0</td>\n",
       "      <td>0.0</td>\n",
       "    </tr>\n",
       "    <tr>\n",
       "      <th>145</th>\n",
       "      <td>Vanuatu</td>\n",
       "      <td>0.0</td>\n",
       "      <td>0.0</td>\n",
       "      <td>5.0</td>\n",
       "      <td>0.0</td>\n",
       "      <td>0.0</td>\n",
       "      <td>0.0</td>\n",
       "      <td>0.0</td>\n",
       "    </tr>\n",
       "    <tr>\n",
       "      <th>146</th>\n",
       "      <td>Vietnam</td>\n",
       "      <td>2724.0</td>\n",
       "      <td>1100.0</td>\n",
       "      <td>112.0</td>\n",
       "      <td>4695.0</td>\n",
       "      <td>750.0</td>\n",
       "      <td>25.0</td>\n",
       "      <td>6.0</td>\n",
       "    </tr>\n",
       "    <tr>\n",
       "      <th>147</th>\n",
       "      <td>Zambia</td>\n",
       "      <td>42.0</td>\n",
       "      <td>50.0</td>\n",
       "      <td>0.0</td>\n",
       "      <td>259.0</td>\n",
       "      <td>167.0</td>\n",
       "      <td>29.0</td>\n",
       "      <td>0.0</td>\n",
       "    </tr>\n",
       "  </tbody>\n",
       "</table>\n",
       "<p>148 rows × 8 columns</p>\n",
       "</div>"
      ],
      "text/plain": [
       "        Country  Value_2  Value_4  Value_6  Value_7  Value_8  Value_9  \\\n",
       "0       Albania      0.0      0.0     65.0    933.0     69.0      0.0   \n",
       "1       Algeria    490.0    176.0    143.0   9159.0   1251.0     68.0   \n",
       "2        Angola    360.0    115.0     92.0    782.0    684.0     48.0   \n",
       "3     Argentina    332.0     32.0     57.0   1218.0    532.0     59.0   \n",
       "4       Armenia    188.0    150.0      0.0    865.0    150.0     12.0   \n",
       "..          ...      ...      ...      ...      ...      ...      ...   \n",
       "143     Uruguay     70.0      0.0     26.0    513.0     90.0     11.0   \n",
       "144  Uzbekistan   1023.0    109.0      0.0   1135.0    478.0      2.0   \n",
       "145     Vanuatu      0.0      0.0      5.0      0.0      0.0      0.0   \n",
       "146     Vietnam   2724.0   1100.0    112.0   4695.0    750.0     25.0   \n",
       "147      Zambia     42.0     50.0      0.0    259.0    167.0     29.0   \n",
       "\n",
       "     Value_20  \n",
       "0         3.0  \n",
       "1         7.0  \n",
       "2         5.0  \n",
       "3         4.0  \n",
       "4         0.0  \n",
       "..        ...  \n",
       "143       2.0  \n",
       "144       0.0  \n",
       "145       0.0  \n",
       "146       6.0  \n",
       "147       0.0  \n",
       "\n",
       "[148 rows x 8 columns]"
      ]
     },
     "execution_count": 7,
     "metadata": {},
     "output_type": "execute_result"
    }
   ],
   "source": [
    "df_pivot"
   ]
  },
  {
   "cell_type": "code",
   "execution_count": 8,
   "id": "c550ca75-d452-4101-ba9b-c952d35ecf5e",
   "metadata": {},
   "outputs": [
    {
     "name": "stdout",
     "output_type": "stream",
     "text": [
      "        Country  Value_2  Value_4  Value_6  Value_7  Value_8  Value_9  \\\n",
      "0       Albania      0.0      0.0     65.0    933.0     69.0      0.0   \n",
      "1       Algeria    490.0    176.0    143.0   9159.0   1251.0     68.0   \n",
      "2        Angola    360.0    115.0     92.0    782.0    684.0     48.0   \n",
      "3     Argentina    332.0     32.0     57.0   1218.0    532.0     59.0   \n",
      "4       Armenia    188.0    150.0      0.0    865.0    150.0     12.0   \n",
      "..          ...      ...      ...      ...      ...      ...      ...   \n",
      "143     Uruguay     70.0      0.0     26.0    513.0     90.0     11.0   \n",
      "144  Uzbekistan   1023.0    109.0      0.0   1135.0    478.0      2.0   \n",
      "145     Vanuatu      0.0      0.0      5.0      0.0      0.0      0.0   \n",
      "146     Vietnam   2724.0   1100.0    112.0   4695.0    750.0     25.0   \n",
      "147      Zambia     42.0     50.0      0.0    259.0    167.0     29.0   \n",
      "\n",
      "     Value_20  \n",
      "0         3.0  \n",
      "1         7.0  \n",
      "2         5.0  \n",
      "3         4.0  \n",
      "4         0.0  \n",
      "..        ...  \n",
      "143       2.0  \n",
      "144       0.0  \n",
      "145       0.0  \n",
      "146       6.0  \n",
      "147       0.0  \n",
      "\n",
      "[148 rows x 8 columns]\n"
     ]
    }
   ],
   "source": [
    "# 결과 저장\n",
    "df_pivot.to_csv(r\"C:\\Users\\user\\Downloads\\import_code\\pivot_import_data.csv\", index=False)\n",
    "\n",
    "# 출력 확인\n",
    "print(df_pivot)"
   ]
  },
  {
   "cell_type": "code",
   "execution_count": 9,
   "id": "8b32457d-714a-4c11-b229-d529f1c83613",
   "metadata": {},
   "outputs": [],
   "source": [
    "df_import = pd.read_csv(r\"C:\\Users\\user\\Downloads\\import_code\\country_import_sum.csv\")"
   ]
  },
  {
   "cell_type": "code",
   "execution_count": 10,
   "id": "4a5f7509-d003-4dff-9f05-f4f1f29776d8",
   "metadata": {},
   "outputs": [
    {
     "name": "stdout",
     "output_type": "stream",
     "text": [
      "                 Country  import_sum_1  import_sum_2  import_sum_4  \\\n",
      "0                Albania         706.0         665.0        1188.0   \n",
      "1                Algeria        1395.0         438.0       35112.0   \n",
      "2                 Angola        1850.0         521.0        5818.0   \n",
      "3    Antigua and Barbuda           0.0           0.0           0.0   \n",
      "4              Argentina         872.0         167.0        3327.0   \n",
      "..                   ...           ...           ...           ...   \n",
      "152              Uruguay         118.0          56.0         145.0   \n",
      "153           Uzbekistan           0.0           0.0         167.0   \n",
      "154              Vanuatu           0.0           0.0           0.0   \n",
      "155              Vietnam        6305.0        2619.0       25715.0   \n",
      "156               Zambia         110.0          42.0         635.0   \n",
      "\n",
      "     import_sum_6  import_sum_7  import_sum_8  import_sum_9  import_sum_11  \\\n",
      "0            19.0        1218.0         248.0          82.0           28.0   \n",
      "1           133.0        7333.0        1456.0         197.0           61.0   \n",
      "2            28.0        3472.0         820.0          86.0           43.0   \n",
      "3             0.0           0.0           2.0           0.0            0.0   \n",
      "4           106.0        1869.0        1661.0         342.0          134.0   \n",
      "..            ...           ...           ...           ...            ...   \n",
      "152          31.0         607.0         286.0         132.0            0.0   \n",
      "153           0.0         451.0          57.0           6.0            0.0   \n",
      "154           2.0           0.0           0.0           0.0            0.0   \n",
      "155         110.0        5690.0        1342.0         165.0          803.0   \n",
      "156           1.0         372.0         237.0         107.0           11.0   \n",
      "\n",
      "     import_sum_12  import_sum_15  import_sum_20  Value_2  Value_4  Value_6  \\\n",
      "0              0.0            0.0            5.0      0.0      0.0     65.0   \n",
      "1              1.0            0.0           14.0    490.0    176.0    143.0   \n",
      "2              0.0            0.0            0.0    360.0    115.0     92.0   \n",
      "3              0.0            0.0            0.0      0.0      0.0      0.0   \n",
      "4              1.0            0.0           19.0    332.0     32.0     57.0   \n",
      "..             ...            ...            ...      ...      ...      ...   \n",
      "152            0.0            0.0            9.0     70.0      0.0     26.0   \n",
      "153            0.0            0.0            0.0   1023.0    109.0      0.0   \n",
      "154            0.0            0.0            0.0      0.0      0.0      5.0   \n",
      "155            0.0            0.0           10.0   2724.0   1100.0    112.0   \n",
      "156            0.0            0.0            0.0     42.0     50.0      0.0   \n",
      "\n",
      "     Value_7  Value_8  Value_9  Value_20  \n",
      "0      933.0     69.0      0.0       3.0  \n",
      "1     9159.0   1251.0     68.0       7.0  \n",
      "2      782.0    684.0     48.0       5.0  \n",
      "3        0.0      0.0      0.0       0.0  \n",
      "4     1218.0    532.0     59.0       4.0  \n",
      "..       ...      ...      ...       ...  \n",
      "152    513.0     90.0     11.0       2.0  \n",
      "153   1135.0    478.0      2.0       0.0  \n",
      "154      0.0      0.0      0.0       0.0  \n",
      "155   4695.0    750.0     25.0       6.0  \n",
      "156    259.0    167.0     29.0       0.0  \n",
      "\n",
      "[157 rows x 19 columns]\n"
     ]
    }
   ],
   "source": [
    "\n",
    "# 데이터를 Country를 기준으로, Category를 열로 변환\n",
    "df_pivot = df_grouped.pivot(index='Country', columns='Category', values='Value').fillna(0)\n",
    "df_pivot.columns = [f\"Value_{col}\" for col in df_pivot.columns]\n",
    "df_pivot = df_pivot.reset_index()\n",
    "\n",
    "# df_import 데이터와 df_pivot 병합 (Country 기준)\n",
    "df_merged = pd.merge(df_import, df_pivot, on='Country', how='outer').fillna(0)\n",
    "\n",
    "# 결과 저장\n",
    "df_merged.to_csv(r\"C:\\Users\\user\\Downloads\\import_code\\merged_import_data.csv\", index=False)\n",
    "\n",
    "# 출력 확인\n",
    "print(df_merged)"
   ]
  },
  {
   "cell_type": "code",
   "execution_count": 11,
   "id": "53a9bbb0-611d-4bae-b597-84cf9abc4d31",
   "metadata": {},
   "outputs": [],
   "source": [
    "# 수치형 열만 선택\n",
    "df_numeric = df_merged.select_dtypes(include=[\"float64\", \"int64\"])\n",
    "\n",
    "# 0 값이 있는 열 제거\n",
    "df_non_zero = df_numeric.loc[:, (df_numeric != 0).any(axis=0)]\n",
    "\n",
    "# 상관관계 계산\n",
    "correlation = df_non_zero.corr()"
   ]
  },
  {
   "cell_type": "code",
   "execution_count": 12,
   "id": "6a75a302-fd3d-48ca-bad7-9c05d72a2a57",
   "metadata": {},
   "outputs": [
    {
     "data": {
      "text/html": [
       "<div>\n",
       "<style scoped>\n",
       "    .dataframe tbody tr th:only-of-type {\n",
       "        vertical-align: middle;\n",
       "    }\n",
       "\n",
       "    .dataframe tbody tr th {\n",
       "        vertical-align: top;\n",
       "    }\n",
       "\n",
       "    .dataframe thead th {\n",
       "        text-align: right;\n",
       "    }\n",
       "</style>\n",
       "<table border=\"1\" class=\"dataframe\">\n",
       "  <thead>\n",
       "    <tr style=\"text-align: right;\">\n",
       "      <th></th>\n",
       "      <th>import_sum_1</th>\n",
       "      <th>import_sum_2</th>\n",
       "      <th>import_sum_4</th>\n",
       "      <th>import_sum_6</th>\n",
       "      <th>import_sum_7</th>\n",
       "      <th>import_sum_8</th>\n",
       "      <th>import_sum_9</th>\n",
       "      <th>import_sum_11</th>\n",
       "      <th>import_sum_12</th>\n",
       "      <th>import_sum_15</th>\n",
       "      <th>import_sum_20</th>\n",
       "      <th>Value_2</th>\n",
       "      <th>Value_4</th>\n",
       "      <th>Value_6</th>\n",
       "      <th>Value_7</th>\n",
       "      <th>Value_8</th>\n",
       "      <th>Value_9</th>\n",
       "      <th>Value_20</th>\n",
       "    </tr>\n",
       "  </thead>\n",
       "  <tbody>\n",
       "    <tr>\n",
       "      <th>import_sum_1</th>\n",
       "      <td>1.000000</td>\n",
       "      <td>0.609149</td>\n",
       "      <td>0.686165</td>\n",
       "      <td>0.411600</td>\n",
       "      <td>0.797337</td>\n",
       "      <td>0.483349</td>\n",
       "      <td>0.473601</td>\n",
       "      <td>0.688515</td>\n",
       "      <td>0.156699</td>\n",
       "      <td>0.195494</td>\n",
       "      <td>0.566479</td>\n",
       "      <td>0.492109</td>\n",
       "      <td>0.468581</td>\n",
       "      <td>0.423613</td>\n",
       "      <td>0.422735</td>\n",
       "      <td>0.203586</td>\n",
       "      <td>0.212409</td>\n",
       "      <td>0.339606</td>\n",
       "    </tr>\n",
       "    <tr>\n",
       "      <th>import_sum_2</th>\n",
       "      <td>0.609149</td>\n",
       "      <td>1.000000</td>\n",
       "      <td>0.484087</td>\n",
       "      <td>0.749751</td>\n",
       "      <td>0.614592</td>\n",
       "      <td>0.609375</td>\n",
       "      <td>0.581345</td>\n",
       "      <td>0.707378</td>\n",
       "      <td>0.135560</td>\n",
       "      <td>0.131158</td>\n",
       "      <td>0.649000</td>\n",
       "      <td>0.921997</td>\n",
       "      <td>0.701983</td>\n",
       "      <td>0.722191</td>\n",
       "      <td>0.548146</td>\n",
       "      <td>0.464685</td>\n",
       "      <td>0.416409</td>\n",
       "      <td>0.668914</td>\n",
       "    </tr>\n",
       "    <tr>\n",
       "      <th>import_sum_4</th>\n",
       "      <td>0.686165</td>\n",
       "      <td>0.484087</td>\n",
       "      <td>1.000000</td>\n",
       "      <td>0.535610</td>\n",
       "      <td>0.817959</td>\n",
       "      <td>0.664500</td>\n",
       "      <td>0.515482</td>\n",
       "      <td>0.773695</td>\n",
       "      <td>0.270862</td>\n",
       "      <td>0.187722</td>\n",
       "      <td>0.492820</td>\n",
       "      <td>0.503605</td>\n",
       "      <td>0.362728</td>\n",
       "      <td>0.456397</td>\n",
       "      <td>0.575680</td>\n",
       "      <td>0.397446</td>\n",
       "      <td>0.417666</td>\n",
       "      <td>0.445958</td>\n",
       "    </tr>\n",
       "    <tr>\n",
       "      <th>import_sum_6</th>\n",
       "      <td>0.411600</td>\n",
       "      <td>0.749751</td>\n",
       "      <td>0.535610</td>\n",
       "      <td>1.000000</td>\n",
       "      <td>0.593309</td>\n",
       "      <td>0.790716</td>\n",
       "      <td>0.745672</td>\n",
       "      <td>0.663128</td>\n",
       "      <td>0.317188</td>\n",
       "      <td>0.110555</td>\n",
       "      <td>0.790556</td>\n",
       "      <td>0.748778</td>\n",
       "      <td>0.569261</td>\n",
       "      <td>0.805265</td>\n",
       "      <td>0.598533</td>\n",
       "      <td>0.573270</td>\n",
       "      <td>0.547751</td>\n",
       "      <td>0.784588</td>\n",
       "    </tr>\n",
       "    <tr>\n",
       "      <th>import_sum_7</th>\n",
       "      <td>0.797337</td>\n",
       "      <td>0.614592</td>\n",
       "      <td>0.817959</td>\n",
       "      <td>0.593309</td>\n",
       "      <td>1.000000</td>\n",
       "      <td>0.763768</td>\n",
       "      <td>0.714680</td>\n",
       "      <td>0.764440</td>\n",
       "      <td>0.211503</td>\n",
       "      <td>0.269991</td>\n",
       "      <td>0.596946</td>\n",
       "      <td>0.551295</td>\n",
       "      <td>0.588124</td>\n",
       "      <td>0.565202</td>\n",
       "      <td>0.737159</td>\n",
       "      <td>0.541505</td>\n",
       "      <td>0.559348</td>\n",
       "      <td>0.584135</td>\n",
       "    </tr>\n",
       "    <tr>\n",
       "      <th>import_sum_8</th>\n",
       "      <td>0.483349</td>\n",
       "      <td>0.609375</td>\n",
       "      <td>0.664500</td>\n",
       "      <td>0.790716</td>\n",
       "      <td>0.763768</td>\n",
       "      <td>1.000000</td>\n",
       "      <td>0.869904</td>\n",
       "      <td>0.745554</td>\n",
       "      <td>0.221877</td>\n",
       "      <td>0.107244</td>\n",
       "      <td>0.572468</td>\n",
       "      <td>0.608413</td>\n",
       "      <td>0.631504</td>\n",
       "      <td>0.708302</td>\n",
       "      <td>0.888870</td>\n",
       "      <td>0.864364</td>\n",
       "      <td>0.849621</td>\n",
       "      <td>0.835909</td>\n",
       "    </tr>\n",
       "    <tr>\n",
       "      <th>import_sum_9</th>\n",
       "      <td>0.473601</td>\n",
       "      <td>0.581345</td>\n",
       "      <td>0.515482</td>\n",
       "      <td>0.745672</td>\n",
       "      <td>0.714680</td>\n",
       "      <td>0.869904</td>\n",
       "      <td>1.000000</td>\n",
       "      <td>0.667009</td>\n",
       "      <td>0.397773</td>\n",
       "      <td>0.236202</td>\n",
       "      <td>0.684751</td>\n",
       "      <td>0.515560</td>\n",
       "      <td>0.618086</td>\n",
       "      <td>0.741140</td>\n",
       "      <td>0.782950</td>\n",
       "      <td>0.700068</td>\n",
       "      <td>0.717146</td>\n",
       "      <td>0.794555</td>\n",
       "    </tr>\n",
       "    <tr>\n",
       "      <th>import_sum_11</th>\n",
       "      <td>0.688515</td>\n",
       "      <td>0.707378</td>\n",
       "      <td>0.773695</td>\n",
       "      <td>0.663128</td>\n",
       "      <td>0.764440</td>\n",
       "      <td>0.745554</td>\n",
       "      <td>0.667009</td>\n",
       "      <td>1.000000</td>\n",
       "      <td>0.207030</td>\n",
       "      <td>0.123088</td>\n",
       "      <td>0.587478</td>\n",
       "      <td>0.662007</td>\n",
       "      <td>0.601123</td>\n",
       "      <td>0.599920</td>\n",
       "      <td>0.612423</td>\n",
       "      <td>0.499044</td>\n",
       "      <td>0.465651</td>\n",
       "      <td>0.591067</td>\n",
       "    </tr>\n",
       "    <tr>\n",
       "      <th>import_sum_12</th>\n",
       "      <td>0.156699</td>\n",
       "      <td>0.135560</td>\n",
       "      <td>0.270862</td>\n",
       "      <td>0.317188</td>\n",
       "      <td>0.211503</td>\n",
       "      <td>0.221877</td>\n",
       "      <td>0.397773</td>\n",
       "      <td>0.207030</td>\n",
       "      <td>1.000000</td>\n",
       "      <td>0.171095</td>\n",
       "      <td>0.479997</td>\n",
       "      <td>0.065288</td>\n",
       "      <td>0.086030</td>\n",
       "      <td>0.271504</td>\n",
       "      <td>0.150686</td>\n",
       "      <td>0.073750</td>\n",
       "      <td>0.123959</td>\n",
       "      <td>0.219241</td>\n",
       "    </tr>\n",
       "    <tr>\n",
       "      <th>import_sum_15</th>\n",
       "      <td>0.195494</td>\n",
       "      <td>0.131158</td>\n",
       "      <td>0.187722</td>\n",
       "      <td>0.110555</td>\n",
       "      <td>0.269991</td>\n",
       "      <td>0.107244</td>\n",
       "      <td>0.236202</td>\n",
       "      <td>0.123088</td>\n",
       "      <td>0.171095</td>\n",
       "      <td>1.000000</td>\n",
       "      <td>0.176370</td>\n",
       "      <td>0.100442</td>\n",
       "      <td>0.199525</td>\n",
       "      <td>0.209138</td>\n",
       "      <td>0.188878</td>\n",
       "      <td>0.049091</td>\n",
       "      <td>0.089920</td>\n",
       "      <td>0.160674</td>\n",
       "    </tr>\n",
       "    <tr>\n",
       "      <th>import_sum_20</th>\n",
       "      <td>0.566479</td>\n",
       "      <td>0.649000</td>\n",
       "      <td>0.492820</td>\n",
       "      <td>0.790556</td>\n",
       "      <td>0.596946</td>\n",
       "      <td>0.572468</td>\n",
       "      <td>0.684751</td>\n",
       "      <td>0.587478</td>\n",
       "      <td>0.479997</td>\n",
       "      <td>0.176370</td>\n",
       "      <td>1.000000</td>\n",
       "      <td>0.583743</td>\n",
       "      <td>0.445346</td>\n",
       "      <td>0.672143</td>\n",
       "      <td>0.414532</td>\n",
       "      <td>0.286655</td>\n",
       "      <td>0.300776</td>\n",
       "      <td>0.581792</td>\n",
       "    </tr>\n",
       "    <tr>\n",
       "      <th>Value_2</th>\n",
       "      <td>0.492109</td>\n",
       "      <td>0.921997</td>\n",
       "      <td>0.503605</td>\n",
       "      <td>0.748778</td>\n",
       "      <td>0.551295</td>\n",
       "      <td>0.608413</td>\n",
       "      <td>0.515560</td>\n",
       "      <td>0.662007</td>\n",
       "      <td>0.065288</td>\n",
       "      <td>0.100442</td>\n",
       "      <td>0.583743</td>\n",
       "      <td>1.000000</td>\n",
       "      <td>0.682183</td>\n",
       "      <td>0.770015</td>\n",
       "      <td>0.536350</td>\n",
       "      <td>0.475834</td>\n",
       "      <td>0.401621</td>\n",
       "      <td>0.701727</td>\n",
       "    </tr>\n",
       "    <tr>\n",
       "      <th>Value_4</th>\n",
       "      <td>0.468581</td>\n",
       "      <td>0.701983</td>\n",
       "      <td>0.362728</td>\n",
       "      <td>0.569261</td>\n",
       "      <td>0.588124</td>\n",
       "      <td>0.631504</td>\n",
       "      <td>0.618086</td>\n",
       "      <td>0.601123</td>\n",
       "      <td>0.086030</td>\n",
       "      <td>0.199525</td>\n",
       "      <td>0.445346</td>\n",
       "      <td>0.682183</td>\n",
       "      <td>1.000000</td>\n",
       "      <td>0.757601</td>\n",
       "      <td>0.709856</td>\n",
       "      <td>0.604025</td>\n",
       "      <td>0.563625</td>\n",
       "      <td>0.765528</td>\n",
       "    </tr>\n",
       "    <tr>\n",
       "      <th>Value_6</th>\n",
       "      <td>0.423613</td>\n",
       "      <td>0.722191</td>\n",
       "      <td>0.456397</td>\n",
       "      <td>0.805265</td>\n",
       "      <td>0.565202</td>\n",
       "      <td>0.708302</td>\n",
       "      <td>0.741140</td>\n",
       "      <td>0.599920</td>\n",
       "      <td>0.271504</td>\n",
       "      <td>0.209138</td>\n",
       "      <td>0.672143</td>\n",
       "      <td>0.770015</td>\n",
       "      <td>0.757601</td>\n",
       "      <td>1.000000</td>\n",
       "      <td>0.631350</td>\n",
       "      <td>0.558950</td>\n",
       "      <td>0.512092</td>\n",
       "      <td>0.923653</td>\n",
       "    </tr>\n",
       "    <tr>\n",
       "      <th>Value_7</th>\n",
       "      <td>0.422735</td>\n",
       "      <td>0.548146</td>\n",
       "      <td>0.575680</td>\n",
       "      <td>0.598533</td>\n",
       "      <td>0.737159</td>\n",
       "      <td>0.888870</td>\n",
       "      <td>0.782950</td>\n",
       "      <td>0.612423</td>\n",
       "      <td>0.150686</td>\n",
       "      <td>0.188878</td>\n",
       "      <td>0.414532</td>\n",
       "      <td>0.536350</td>\n",
       "      <td>0.709856</td>\n",
       "      <td>0.631350</td>\n",
       "      <td>1.000000</td>\n",
       "      <td>0.917768</td>\n",
       "      <td>0.922907</td>\n",
       "      <td>0.795429</td>\n",
       "    </tr>\n",
       "    <tr>\n",
       "      <th>Value_8</th>\n",
       "      <td>0.203586</td>\n",
       "      <td>0.464685</td>\n",
       "      <td>0.397446</td>\n",
       "      <td>0.573270</td>\n",
       "      <td>0.541505</td>\n",
       "      <td>0.864364</td>\n",
       "      <td>0.700068</td>\n",
       "      <td>0.499044</td>\n",
       "      <td>0.073750</td>\n",
       "      <td>0.049091</td>\n",
       "      <td>0.286655</td>\n",
       "      <td>0.475834</td>\n",
       "      <td>0.604025</td>\n",
       "      <td>0.558950</td>\n",
       "      <td>0.917768</td>\n",
       "      <td>1.000000</td>\n",
       "      <td>0.984491</td>\n",
       "      <td>0.795268</td>\n",
       "    </tr>\n",
       "    <tr>\n",
       "      <th>Value_9</th>\n",
       "      <td>0.212409</td>\n",
       "      <td>0.416409</td>\n",
       "      <td>0.417666</td>\n",
       "      <td>0.547751</td>\n",
       "      <td>0.559348</td>\n",
       "      <td>0.849621</td>\n",
       "      <td>0.717146</td>\n",
       "      <td>0.465651</td>\n",
       "      <td>0.123959</td>\n",
       "      <td>0.089920</td>\n",
       "      <td>0.300776</td>\n",
       "      <td>0.401621</td>\n",
       "      <td>0.563625</td>\n",
       "      <td>0.512092</td>\n",
       "      <td>0.922907</td>\n",
       "      <td>0.984491</td>\n",
       "      <td>1.000000</td>\n",
       "      <td>0.755077</td>\n",
       "    </tr>\n",
       "    <tr>\n",
       "      <th>Value_20</th>\n",
       "      <td>0.339606</td>\n",
       "      <td>0.668914</td>\n",
       "      <td>0.445958</td>\n",
       "      <td>0.784588</td>\n",
       "      <td>0.584135</td>\n",
       "      <td>0.835909</td>\n",
       "      <td>0.794555</td>\n",
       "      <td>0.591067</td>\n",
       "      <td>0.219241</td>\n",
       "      <td>0.160674</td>\n",
       "      <td>0.581792</td>\n",
       "      <td>0.701727</td>\n",
       "      <td>0.765528</td>\n",
       "      <td>0.923653</td>\n",
       "      <td>0.795429</td>\n",
       "      <td>0.795268</td>\n",
       "      <td>0.755077</td>\n",
       "      <td>1.000000</td>\n",
       "    </tr>\n",
       "  </tbody>\n",
       "</table>\n",
       "</div>"
      ],
      "text/plain": [
       "               import_sum_1  import_sum_2  import_sum_4  import_sum_6  \\\n",
       "import_sum_1       1.000000      0.609149      0.686165      0.411600   \n",
       "import_sum_2       0.609149      1.000000      0.484087      0.749751   \n",
       "import_sum_4       0.686165      0.484087      1.000000      0.535610   \n",
       "import_sum_6       0.411600      0.749751      0.535610      1.000000   \n",
       "import_sum_7       0.797337      0.614592      0.817959      0.593309   \n",
       "import_sum_8       0.483349      0.609375      0.664500      0.790716   \n",
       "import_sum_9       0.473601      0.581345      0.515482      0.745672   \n",
       "import_sum_11      0.688515      0.707378      0.773695      0.663128   \n",
       "import_sum_12      0.156699      0.135560      0.270862      0.317188   \n",
       "import_sum_15      0.195494      0.131158      0.187722      0.110555   \n",
       "import_sum_20      0.566479      0.649000      0.492820      0.790556   \n",
       "Value_2            0.492109      0.921997      0.503605      0.748778   \n",
       "Value_4            0.468581      0.701983      0.362728      0.569261   \n",
       "Value_6            0.423613      0.722191      0.456397      0.805265   \n",
       "Value_7            0.422735      0.548146      0.575680      0.598533   \n",
       "Value_8            0.203586      0.464685      0.397446      0.573270   \n",
       "Value_9            0.212409      0.416409      0.417666      0.547751   \n",
       "Value_20           0.339606      0.668914      0.445958      0.784588   \n",
       "\n",
       "               import_sum_7  import_sum_8  import_sum_9  import_sum_11  \\\n",
       "import_sum_1       0.797337      0.483349      0.473601       0.688515   \n",
       "import_sum_2       0.614592      0.609375      0.581345       0.707378   \n",
       "import_sum_4       0.817959      0.664500      0.515482       0.773695   \n",
       "import_sum_6       0.593309      0.790716      0.745672       0.663128   \n",
       "import_sum_7       1.000000      0.763768      0.714680       0.764440   \n",
       "import_sum_8       0.763768      1.000000      0.869904       0.745554   \n",
       "import_sum_9       0.714680      0.869904      1.000000       0.667009   \n",
       "import_sum_11      0.764440      0.745554      0.667009       1.000000   \n",
       "import_sum_12      0.211503      0.221877      0.397773       0.207030   \n",
       "import_sum_15      0.269991      0.107244      0.236202       0.123088   \n",
       "import_sum_20      0.596946      0.572468      0.684751       0.587478   \n",
       "Value_2            0.551295      0.608413      0.515560       0.662007   \n",
       "Value_4            0.588124      0.631504      0.618086       0.601123   \n",
       "Value_6            0.565202      0.708302      0.741140       0.599920   \n",
       "Value_7            0.737159      0.888870      0.782950       0.612423   \n",
       "Value_8            0.541505      0.864364      0.700068       0.499044   \n",
       "Value_9            0.559348      0.849621      0.717146       0.465651   \n",
       "Value_20           0.584135      0.835909      0.794555       0.591067   \n",
       "\n",
       "               import_sum_12  import_sum_15  import_sum_20   Value_2  \\\n",
       "import_sum_1        0.156699       0.195494       0.566479  0.492109   \n",
       "import_sum_2        0.135560       0.131158       0.649000  0.921997   \n",
       "import_sum_4        0.270862       0.187722       0.492820  0.503605   \n",
       "import_sum_6        0.317188       0.110555       0.790556  0.748778   \n",
       "import_sum_7        0.211503       0.269991       0.596946  0.551295   \n",
       "import_sum_8        0.221877       0.107244       0.572468  0.608413   \n",
       "import_sum_9        0.397773       0.236202       0.684751  0.515560   \n",
       "import_sum_11       0.207030       0.123088       0.587478  0.662007   \n",
       "import_sum_12       1.000000       0.171095       0.479997  0.065288   \n",
       "import_sum_15       0.171095       1.000000       0.176370  0.100442   \n",
       "import_sum_20       0.479997       0.176370       1.000000  0.583743   \n",
       "Value_2             0.065288       0.100442       0.583743  1.000000   \n",
       "Value_4             0.086030       0.199525       0.445346  0.682183   \n",
       "Value_6             0.271504       0.209138       0.672143  0.770015   \n",
       "Value_7             0.150686       0.188878       0.414532  0.536350   \n",
       "Value_8             0.073750       0.049091       0.286655  0.475834   \n",
       "Value_9             0.123959       0.089920       0.300776  0.401621   \n",
       "Value_20            0.219241       0.160674       0.581792  0.701727   \n",
       "\n",
       "                Value_4   Value_6   Value_7   Value_8   Value_9  Value_20  \n",
       "import_sum_1   0.468581  0.423613  0.422735  0.203586  0.212409  0.339606  \n",
       "import_sum_2   0.701983  0.722191  0.548146  0.464685  0.416409  0.668914  \n",
       "import_sum_4   0.362728  0.456397  0.575680  0.397446  0.417666  0.445958  \n",
       "import_sum_6   0.569261  0.805265  0.598533  0.573270  0.547751  0.784588  \n",
       "import_sum_7   0.588124  0.565202  0.737159  0.541505  0.559348  0.584135  \n",
       "import_sum_8   0.631504  0.708302  0.888870  0.864364  0.849621  0.835909  \n",
       "import_sum_9   0.618086  0.741140  0.782950  0.700068  0.717146  0.794555  \n",
       "import_sum_11  0.601123  0.599920  0.612423  0.499044  0.465651  0.591067  \n",
       "import_sum_12  0.086030  0.271504  0.150686  0.073750  0.123959  0.219241  \n",
       "import_sum_15  0.199525  0.209138  0.188878  0.049091  0.089920  0.160674  \n",
       "import_sum_20  0.445346  0.672143  0.414532  0.286655  0.300776  0.581792  \n",
       "Value_2        0.682183  0.770015  0.536350  0.475834  0.401621  0.701727  \n",
       "Value_4        1.000000  0.757601  0.709856  0.604025  0.563625  0.765528  \n",
       "Value_6        0.757601  1.000000  0.631350  0.558950  0.512092  0.923653  \n",
       "Value_7        0.709856  0.631350  1.000000  0.917768  0.922907  0.795429  \n",
       "Value_8        0.604025  0.558950  0.917768  1.000000  0.984491  0.795268  \n",
       "Value_9        0.563625  0.512092  0.922907  0.984491  1.000000  0.755077  \n",
       "Value_20       0.765528  0.923653  0.795429  0.795268  0.755077  1.000000  "
      ]
     },
     "execution_count": 12,
     "metadata": {},
     "output_type": "execute_result"
    }
   ],
   "source": [
    "correlation"
   ]
  },
  {
   "cell_type": "code",
   "execution_count": 13,
   "id": "c37a167a-f38d-4d99-a32b-699c97d3c608",
   "metadata": {},
   "outputs": [
    {
     "data": {
